  -165.65000000000001        4.8946348542034746E-004
  -165.09783333333334        2.5746728490953698E-004
  -164.54566666666668       -2.7081969330261892E-004
  -163.99350000000001       -5.6963263744377098E-004
  -163.44133333333335       -2.9948559220673601E-004
  -162.88916666666668        3.1485706107401567E-004
  -162.33700000000002        6.6192285176053147E-004
  -161.78483333333332        3.4783057828241808E-004
  -161.23266666666666       -3.6549763980436845E-004
  -160.68049999999999       -7.6799400302923130E-004
  -160.12833333333333       -4.0336436462104063E-004
  -159.57616666666667        4.2363678198586562E-004
  -159.02400000000000        8.8970540113024238E-004
  -158.47183333333334        4.6705200477491037E-004
  -157.91966666666667       -4.9027606078516455E-004
  -157.36750000000001       -1.0291355234842558E-003
  -156.81533333333334       -5.3997157391841104E-004
  -156.26316666666668        5.6653358378834040E-004
  -155.71100000000001        1.1886030920525488E-003
  -155.15883333333335        6.2332493242269989E-004
  -154.60666666666668       -6.5365498171250148E-004
  -154.05450000000002       -1.3706895006179369E-003
  -153.50233333333333       -7.1844916393362462E-004
  -152.95016666666666        7.5302507013309155E-004
  -152.39800000000000        1.5782625833407624E-003
  -151.84583333333333        8.2682868077784354E-004
  -151.29366666666667       -8.6618017425658348E-004
  -150.74150000000000       -1.8145016988113686E-003
  -150.18933333333334       -9.5010798076235290E-004
  -149.63716666666667        9.9482109763326205E-004
  -149.08500000000001        2.0829240847888802E-003
  -148.53283333333334        1.0901050295344813E-003
  -147.98066666666668       -1.1408267054164195E-003
  -147.42850000000001       -2.3874124174580818E-003
  -146.87633333333335       -1.2488252315952676E-003
  -146.32416666666666        1.3062680813080102E-003
  -145.77199999999999        2.7322434853120541E-003
  -145.21983333333333        1.4284759408022213E-003
  -144.66766666666666       -1.4934232046759414E-003
  -144.11550000000000       -3.1221178616705862E-003
  -143.56333333333333       -1.6314814477559412E-003
  -143.01116666666667        1.7047920804980922E-003
  -142.45900000000000        3.5621904314039003E-003
  -141.90683333333334        1.8604983668585352E-003
  -141.35466666666667       -1.9431122398013200E-003
  -140.80250000000001       -4.0581015967202433E-003
  -140.25033333333334       -2.1184313301148118E-003
  -139.69816666666668        2.2113745121879053E-003
  -139.14600000000002        4.6160089540162562E-003
  -138.59383333333335        2.4084488779724258E-003
  -138.04166666666669       -2.5128389549394078E-003
  -137.48949999999999       -5.2426191989526673E-003
  -136.93733333333333       -2.7339994197761487E-003
  -136.38516666666666        2.8510508051740775E-003
  -135.83300000000000        5.9452199803352833E-003
  -135.28083333333333        3.0988271178607981E-003
  -134.72866666666667       -3.2298563027375726E-003
  -134.17650000000000       -6.7317113853433081E-003
  -133.62433333333334       -3.5069875300782032E-003
  -133.07216666666667        3.6534182121035299E-003
  -132.52000000000001        7.6106366995073952E-003
  -131.96783333333335        3.9628628258543842E-003
  -131.41566666666668       -4.1262308517323095E-003
  -130.86349999999999       -8.5912120450211023E-003
  -130.31133333333332       -4.4711763708938403E-003
  -129.75916666666666        4.6531344193399462E-003
  -129.20699999999999        9.6833544609597512E-003
  -128.65483333333333        5.0370064556798403E-003
  -128.10266666666666       -5.2393283816062810E-003
  -127.55050000000000       -1.0897707949338966E-002
  -126.99833333333333       -5.6657989232173044E-003
  -126.44616666666667        5.8903836773394466E-003
  -125.89400000000001        1.2245666972296107E-002
  -125.34183333333334        6.3633784323956881E-003
  -124.78966666666668       -6.6122534642893450E-003
  -124.23750000000001       -1.3739396848713493E-002
  -123.68533333333335       -7.1359580752161323E-003
  -123.13316666666667        7.4112821221085775E-003
  -122.58100000000000        1.5391850464075664E-002
  -122.02883333333334        7.9901470493662693E-003
  -121.47666666666667       -8.2942122077187975E-003
  -120.92449999999999       -1.7216780676071731E-002
  -120.37233333333333       -8.9329560726206896E-003
  -119.82016666666667        9.2681890450303419E-003
  -119.26800000000000        1.9228747771278653E-002
  -118.71583333333334        9.9718002127361701E-003
  -118.16366666666667       -1.0340762618975650E-002
  -117.61150000000001       -2.1443121306087335E-002
  -117.05933333333334       -1.1114498796360900E-002
  -116.50716666666668        1.1519886434676392E-002
  -115.95500000000001        2.3876075648789418E-002
  -115.40283333333333        1.2369272053458747E-002
  -114.85066666666667       -1.2813912996657836E-002
  -114.29850000000000       -2.6544578530370261E-002
  -113.74633333333334       -1.3744734150294645E-002
  -113.19416666666666        1.4231585560904708E-002
  -112.64200000000000        2.9466371909996104E-002
  -112.08983333333333        1.5249882264664278E-002
  -111.53766666666667       -1.5782025814636964E-002
  -110.98550000000000       -3.2659944468370262E-002
  -110.43333333333334       -1.6894081362214947E-002
  -109.88116666666667        1.7474717145437208E-002
  -109.32900000000001        3.6144495058956887E-002
  -108.77683333333334        1.8687044342786951E-002
  -108.22466666666668       -1.9319483173218750E-002
  -107.67250000000000       -3.9939886474373451E-002
  -107.12033333333333       -2.0638807241224893E-002
  -106.56816666666667        2.1326461235895589E-002
  -106.01600000000001        4.4066588923802628E-002
  -105.46383333333333        2.2759699188311708E-002
  -104.91166666666666       -2.3506070542812299E-002
  -104.35950000000000       -4.8545612667739074E-002
  -103.80733333333333       -2.5060306864764011E-002
  -103.25516666666667        2.5868974739371921E-002
  -102.70300000000000        5.3398429319320470E-002
  -102.15083333333334        2.7551433214828600E-002
  -101.59866666666667       -2.8426038662030528E-002
  -101.04650000000001       -5.8646881397310453E-002
  -100.49433333333333       -3.0244050226109973E-002
  -99.942166666666665        3.1188279105101645E-002
  -99.390000000000001        6.4313079804745862E-002
  -98.837833333333336        3.3149245628926856E-002
  -98.285666666666671       -3.4166809469694963E-002
  -97.733500000000006       -7.0419289009405611E-002
  -97.181333333333342       -3.6278163421740839E-002
  -96.629166666666663        3.7372778220571071E-002
  -96.076999999999998        7.6987799817459859E-002
  -95.524833333333333        3.9641938188984795E-002
  -94.972666666666669       -4.0817301138494383E-002
  -94.420500000000004       -8.4040789759554368E-002
  -93.868333333333339       -4.3251623243588631E-002
  -93.316166666666675        4.4511387423778533E-002
  -92.763999999999996        9.1600171248583662E-002
  -92.211833333333331        4.7118112698413615E-002
  -91.659666666666666       -4.8465859780429853E-002
  -91.107500000000002       -9.9687427819649815E-002
  -90.555333333333337       -5.1252057648258950E-002
  -90.003166666666672        5.2691268689421401E-002
  -89.451000000000008       0.10832343892409239     
  -88.898833333333329        5.5663776726229179E-002
  -88.346666666666664       -5.7197801163360443E-002
  -87.794499999999999      -0.11752829391962778     
  -87.242333333333335       -6.0363161384747947E-002
  -86.690166666666670        6.1995184362225411E-002
  -86.138000000000005       0.12732109607592021     
  -85.585833333333341        6.5359576340984910E-002
  -85.033666666666662       -6.7092584540573388E-002
  -84.481499999999997      -0.13771975759742539     
  -83.929333333333332       -7.0661755718495214E-002
  -83.377166666666668        7.2498501888779557E-002
  -82.825000000000003       0.14874078685094122     
  -82.272833333333338        7.6277695509842675E-002
  -81.720666666666673       -7.8220661924271948E-002
  -81.168499999999995      -0.16039906917160426     
  -80.616333333333330       -8.2214543077941238E-002
  -80.064166666666665        8.4265904181206969E-002
  -79.512000000000000       0.17270764280546586     
  -78.959833333333336        8.8478484505555344E-002
  -78.407666666666671       -9.0640069037936283E-002
  -77.855500000000006      -0.18567747172650778     
  -77.303333333333342       -9.5074630690961393E-002
  -76.751166666666663        9.7347883609125496E-002
  -76.198999999999998       0.19931721723805873     
  -75.646833333333333       0.10200690317242461     
  -75.094666666666669      -0.10439284771190060     
  -74.542500000000004      -0.21363301043001248     
  -73.990333333333339      -0.10927792074258273     
  -73.438166666666675       0.11177712099193506     
  -72.885999999999996       0.22862822771090494     
  -72.333833333333331       0.11688888798508763     
  -71.781666666666666      -0.11950141236350474     
  -71.229500000000002      -0.24430327176462502     
  -70.677333333333337      -0.12483948692805936     
  -70.125166666666672       0.12756487297654187     
  -69.573000000000008       0.26065536039222864     
  -69.020833333333329       0.13312777306045426     
  -68.468666666666664      -0.13596499397156550     
  -67.916499999999999      -0.27767832578693924     
  -67.364333333333335      -0.14175007699732542     
  -66.812166666666670       0.14469751031847061     
  -66.260000000000005       0.29536242685210934     
  -65.707833333333340       0.15070091310587405     
  -65.155666666666662      -0.15375631205694409     
  -64.603499999999997      -0.31369417720499143     
  -64.051333333333332      -0.15997289641591256     
  -63.499166666666667       0.16313336426219976     
  -62.947000000000003       0.33265619151122094     
  -62.394833333333338       0.16955666913397707     
  -61.842666666666673      -0.17281863705025305     
  -61.290499999999994      -0.35222705276389576     
  -60.738333333333330      -0.17944083805881747     
  -60.186166666666665       0.18280004690953336     
  -59.634000000000000       0.37238120305530864     
  -59.081833333333336       0.18961192415761866     
  -58.529666666666671      -0.19306341060100418     
  -57.977500000000006      -0.39308886028754764     
  -57.425333333333327      -0.20005432550472807     
  -56.873166666666663       0.20359241280586077     
  -56.320999999999998       0.41431596312950636     
  -55.768833333333333       0.21075029470970943     
  -55.216666666666669      -0.21436858861776178     
  -54.664500000000004      -0.43602414635213915     
  -54.112333333333339      -0.22167993186698007     
  -53.560166666666660       0.22537132187710432     
  -53.007999999999996       0.45817074846136774     
  -52.455833333333331       0.23282119394754860     
  -51.903666666666666      -0.23657786022586241     
  -51.351500000000001      -0.48070885329980240     
  -50.799333333333337      -0.24414992142312766     
  -50.247166666666672       0.24796334762659786     
  -49.694999999999993       0.50358736700594997     
  -49.142833333333328       0.25563988276611599     
  -48.590666666666664      -0.25950087493653590     
  -48.038499999999999      -0.52675113140493834     
  -47.486333333333334      -0.26726283730697675     
  -46.934166666666670       0.27116154896069133     
  -46.382000000000005       0.55014107456080952     
  -45.829833333333326       0.27898861675336545     
  -45.277666666666661      -0.28291458022720223     
  -44.725499999999997      -0.57369439885042284     
  -44.173333333333332      -0.29078522548715896     
  -43.621166666666667       0.29472738953497607     
  -43.069000000000003       0.59734480652695021     
  -42.516833333333338       0.30261895955566076     
  -41.964666666666659      -0.30656573312231383     
  -41.412499999999994      -0.62102276233125053     
  -40.860333333333330      -0.31445454406649703     
  -40.308166666666665       0.31839384609497001     
  -39.756000000000000       0.64465579228704062     
  -39.203833333333336       0.32625528848279850     
  -38.651666666666671      -0.33017460353905342     
  -38.099500000000006      -0.66816881738609135     
  -37.547333333333341      -0.33798325909965093     
  -36.995166666666677       0.34186969852762844     
  -36.443000000000012       0.69148452043834741     
  -35.890833333333319       0.34959946776796913     
  -35.338666666666654      -0.35343983601602680     
  -34.786499999999990      -0.71452374393488027     
  -34.234333333333325      -0.36106407571956922     
  -33.682166666666660       0.36484494140978219     
  -33.129999999999995       0.73720591635502764     
  -32.577833333333331       0.37233661114097399     
  -32.025666666666666      -0.37604438238715010     
  -31.473500000000001      -0.75944950394919142     
  -30.921333333333337      -0.38337619894807273     
  -30.369166666666672       0.38699720236398144     
  -29.817000000000007       0.78117248465165656     
  -29.264833333333343       0.39414180102853341     
  -28.712666666666678      -0.39766236381083286     
  -28.160499999999985      -0.80229284042956361     
  -27.608333333333320      -0.40459246505085855     
  -27.056166666666655       0.40799899946856344     
  -26.503999999999991       0.82272906406051938     
  -25.951833333333326       0.41468757978855403     
  -25.399666666666661      -0.41796666936487620     
  -24.847499999999997      -0.84240067605775293     
  -24.295333333333332      -0.42438713477763562     
  -23.743166666666667       0.42752562141302386     
  -23.191000000000003       0.86122874723314735     
  -22.638833333333338       0.43365198202062355     
  -22.086666666666673      -0.43663705327447011     
  -21.534500000000008      -0.87913642220936372     
  -20.982333333333344      -0.44244409736809809     
  -20.430166666666679       0.44526337309667818     
  -19.877999999999986       0.89604943906636980     
  -19.325833333333321       0.45072683915584305     
  -18.773666666666657      -0.45336845669211234     
  -18.221499999999992      -0.91189664023806771     
  -17.669333333333327      -0.45846520165048088     
  -17.117166666666662       0.46091789870899358     
  -16.564999999999998       0.92661046976364614     
  -16.012833333333333       0.46562606086012770     
  -15.460666666666668      -0.46787925535983577     
  -14.908500000000004      -0.94012745204715975     
  -14.356333333333339      -0.47217841030245739     
  -13.804166666666674       0.47422227631664565     
  -13.252000000000010       0.95238864738821771     
  -12.699833333333345       0.47809358438596733     
  -12.147666666666652      -0.47991912345814475     
  -11.595499999999987      -0.96334007971611113     
  -11.043333333333322      -0.48334546715561477     
  -10.491166666666658       0.48494457425750875     
  -9.9389999999999930       0.97293313218793154     
  -9.3868333333333283       0.48791068427771178     
  -8.8346666666666636      -0.48927620773348574     
  -8.2824999999999989      -0.98112490659597063     
  -7.7303333333333342      -0.49176877628953614     
  -7.1781666666666695       0.49289457104646206     
  -6.6260000000000048       0.98787854286779564     
  -6.0738333333333401       0.49490235131818949     
  -5.5216666666666754      -0.49578332500845473     
  -4.9695000000000107      -0.99316349532988202     
  -4.4173333333333176      -0.49729721567308888     
  -3.8651666666666529       0.49792936698390949     
  -3.3129999999999882       0.99695576283772991     
  -2.7608333333333235       0.49894248094060811     
  -2.2086666666666588      -0.49932292988760013     
  -1.6564999999999941      -0.99923807034648104     
  -1.1043333333333294      -0.49983064644944231     
 -0.55216666666666470       0.49995765623368543     
   0.0000000000000000        1.0000000000000000     
  0.55216666666666470       0.49995765623368543     
   1.1043333333333294      -0.49983064644944231     
   1.6564999999999941      -0.99923807034648104     
   2.2086666666666588      -0.49932292988760013     
   2.7608333333333235       0.49894248094060811     
   3.3130000000000166       0.99695576283772991     
   3.8651666666666813       0.49792936698386286     
   4.4173333333333460      -0.49729721567313484     
   4.9695000000000107      -0.99316349532988202     
   5.5216666666666754      -0.49578332500845473     
   6.0738333333333401       0.49490235131818949     
   6.6260000000000048       0.98787854286779564     
   7.1781666666666695       0.49289457104646206     
   7.7303333333333342      -0.49176877628953614     
   8.2824999999999989      -0.98112490659597063     
   8.8346666666666636      -0.48927620773348574     
   9.3868333333333283       0.48791068427771178     
   9.9389999999999930       0.97293313218793154     
   10.491166666666658       0.48494457425750875     
   11.043333333333322      -0.48334546715561477     
   11.595500000000015      -0.96334007971611091     
   12.147666666666680      -0.47991912345809740     
   12.699833333333345       0.47809358438596733     
   13.252000000000010       0.95238864738821771     
   13.804166666666674       0.47422227631664565     
   14.356333333333339      -0.47217841030245739     
   14.908500000000004      -0.94012745204715975     
   15.460666666666668      -0.46787925535983577     
   16.012833333333333       0.46562606086012770     
   16.564999999999998       0.92661046976364614     
   17.117166666666662       0.46091789870899358     
   17.669333333333327      -0.45846520165048088     
   18.221499999999992      -0.91189664023806771     
   18.773666666666657      -0.45336845669211234     
   19.325833333333350       0.45072683915588174     
   19.878000000000014       0.89604943906636958     
   20.430166666666679       0.44526337309667818     
   20.982333333333344      -0.44244409736809809     
   21.534500000000008      -0.87913642220936372     
   22.086666666666673      -0.43663705327447011     
   22.638833333333338       0.43365198202062355     
   23.191000000000003       0.86122874723314735     
   23.743166666666667       0.42752562141302386     
   24.295333333333332      -0.42438713477763562     
   24.847499999999997      -0.84240067605775293     
   25.399666666666661      -0.41796666936487620     
   25.951833333333326       0.41468757978855403     
   26.503999999999991       0.82272906406051938     
   27.056166666666684       0.40799899946852303     
   27.608333333333348      -0.40459246505089319     
   28.160500000000013      -0.80229284042956328     
   28.712666666666678      -0.39766236381083286     
   29.264833333333343       0.39414180102853341     
   29.817000000000007       0.78117248465165656     
   30.369166666666672       0.38699720236398144     
   30.921333333333337      -0.38337619894807273     
   31.473500000000001      -0.75944950394919142     
   32.025666666666666      -0.37604438238715010     
   32.577833333333331       0.37233661114097399     
   33.129999999999995       0.73720591635502764     
   33.682166666666660       0.36484494140978219     
   34.234333333333325      -0.36106407571956922     
   34.786500000000018      -0.71452374393487994     
   35.338666666666683      -0.35343983601599177     
   35.890833333333347       0.34959946776800332     
   36.443000000000012       0.69148452043834741     
   36.995166666666677       0.34186969852762844     
   37.547333333333341      -0.33798325909965093     
   38.099500000000006      -0.66816881738609135     
   38.651666666666671      -0.33017460353905342     
   39.203833333333336       0.32625528848279850     
   39.756000000000000       0.64465579228704062     
   40.308166666666665       0.31839384609497001     
   40.860333333333330      -0.31445454406649703     
   41.412499999999994      -0.62102276233125053     
   41.964666666666659      -0.30656573312231383     
   42.516833333333352       0.30261895955567553     
   43.069000000000017       0.59734480652694999     
   43.621166666666682       0.29472738953496147     
   44.173333333333346      -0.29078522548716601     
   44.725500000000011      -0.57369439885042273     
   45.277666666666676      -0.28291458022718824     
   45.829833333333340       0.27898861675337217     
   46.382000000000005       0.55014107456080952     
   46.934166666666670       0.27116154896069133     
   47.486333333333334      -0.26726283730697675     
   48.038499999999999      -0.52675113140493834     
   48.590666666666664      -0.25950087493653590     
   49.142833333333328       0.25563988276611599     
   49.694999999999993       0.50358736700594997     
   50.247166666666658       0.24796334762661018     
   50.799333333333351      -0.24414992142313954     
   51.351500000000016      -0.48070885329980217     
   51.903666666666680      -0.23657786022585073     
   52.455833333333345       0.23282119394755993     
   53.008000000000010       0.45817074846136757     
   53.560166666666674       0.22537132187709311     
   54.112333333333339      -0.22167993186698007     
   54.664500000000004      -0.43602414635213915     
   55.216666666666669      -0.21436858861776178     
   55.768833333333333       0.21075029470970943     
   56.320999999999998       0.41431596312950636     
   56.873166666666663       0.20359241280586077     
   57.425333333333327      -0.20005432550472807     
   57.977499999999992      -0.39308886028754786     
   58.529666666666685      -0.19306341060099938     
   59.081833333333350       0.18961192415762784     
   59.634000000000015       0.37238120305530847     
   60.186166666666679       0.18280004690952431     
   60.738333333333344      -0.17944083805882619     
   61.290500000000009      -0.35222705276389554     
   61.842666666666673      -0.17281863705025305     
   62.394833333333338       0.16955666913397707     
   62.947000000000003       0.33265619151122094     
   63.499166666666667       0.16313336426219976     
   64.051333333333332      -0.15997289641591256     
   64.603499999999997      -0.31369417720499143     
   65.155666666666662      -0.15375631205694409     
   65.707833333333326       0.15070091310586670     
   66.260000000000019       0.29536242685210923     
   66.812166666666684       0.14469751031846340     
   67.364333333333349      -0.14175007699733230     
   67.916500000000013      -0.27767832578693907     
   68.468666666666678      -0.13596499397155876     
   69.020833333333343       0.13312777306046070     
   69.573000000000008       0.26065536039222864     
   70.125166666666672       0.12756487297654187     
   70.677333333333337      -0.12483948692805936     
   71.229500000000002      -0.24430327176462502     
   71.781666666666666      -0.11950141236350474     
   72.333833333333331       0.11688888798508763     
   72.885999999999996       0.22862822771090494     
   73.438166666666660       0.11177712099194059     
   73.990333333333353      -0.10927792074258806     
   74.542500000000018      -0.21363301043001240     
   75.094666666666683      -0.10439284771189541     
   75.646833333333348       0.10200690317242456     
   76.199000000000012       0.19931721723805862     
   76.751166666666677        9.7347883609120667E-002
   77.303333333333342       -9.5074630690961393E-002
   77.855500000000006      -0.18567747172650778     
   78.407666666666671       -9.0640069037936283E-002
   78.959833333333336        8.8478484505555344E-002
   79.512000000000000       0.17270764280546586     
   80.064166666666665        8.4265904181206969E-002
   80.616333333333330       -8.2214543077941238E-002
   81.168499999999995      -0.16039906917160426     
   81.720666666666688       -7.8220661924268020E-002
   82.272833333333352        7.6277695509846380E-002
   82.825000000000017       0.14874078685094111     
   83.377166666666682        7.2498501888775949E-002
   83.929333333333346       -7.0661755718498642E-002
   84.481500000000011      -0.13771975759742527     
   85.033666666666676       -6.7092584540570030E-002
   85.585833333333341        6.5359576340984910E-002
   86.138000000000005       0.12732109607592021     
   86.690166666666670        6.1995184362225411E-002
   87.242333333333335       -6.0363161384747947E-002
   87.794499999999999      -0.11752829391962778     
   88.346666666666664       -5.7197801163360443E-002
   88.898833333333329        5.5663776726229179E-002
   89.450999999999993       0.10832343892409244     
   90.003166666666687        5.2691268689421353E-002
   90.555333333333323       -5.1252057648256466E-002
   91.107499999999987       -9.9687427819649843E-002
   91.659666666666652       -4.8465859780429922E-002
   92.211833333333317        4.7118112698411339E-002
   92.763999999999982        9.1600171248583717E-002
   93.316166666666646        4.4511387423780760E-002
   93.868333333333368       -4.3251623243592836E-002
   94.420500000000033       -8.4040789759554257E-002
   94.972666666666697       -4.0817301138490310E-002
   95.524833333333362        3.9641938188988646E-002
   96.077000000000027        7.6987799817459748E-002
   96.629166666666691        3.7372778220567344E-002
   97.181333333333356       -3.6278163421742581E-002
   97.733500000000021       -7.0419289009405583E-002
   98.285666666666685       -3.4166809469693256E-002
   98.837833333333350        3.3149245628928459E-002
   99.390000000000015        6.4313079804745835E-002
   99.942166666666679        3.1188279105100095E-002
   100.49433333333334       -3.0244050226111433E-002
   101.04650000000001       -5.8646881397310453E-002
   101.59866666666667       -2.8426038662030528E-002
   102.15083333333334        2.7551433214828600E-002
   102.70300000000000        5.3398429319320470E-002
   103.25516666666667        2.5868974739371921E-002
   103.80733333333333       -2.5060306864764011E-002
   104.35950000000000       -4.8545612667739074E-002
   104.91166666666666       -2.3506070542812299E-002
   105.46383333333333        2.2759699188311708E-002
   106.01599999999999        4.4066588923802670E-002
   106.56816666666666        2.1326461235896651E-002
   107.12033333333332       -2.0638807241223894E-002
   107.67249999999999       -3.9939886474373493E-002
   108.22466666666665       -1.9319483173220686E-002
   108.77683333333331        1.8687044342785137E-002
   109.32900000000004        3.6144495058956824E-002
   109.88116666666670        1.7474717145435463E-002
   110.43333333333337       -1.6894081362216574E-002
   110.98550000000003       -3.2659944468370214E-002
   111.53766666666669       -1.5782025814635378E-002
   112.08983333333336        1.5249882264665744E-002
   112.64200000000002        2.9466371909996042E-002
   113.19416666666669        1.4231585560903280E-002
   113.74633333333335       -1.3744734150295312E-002
   114.29850000000002       -2.6544578530370237E-002
   114.85066666666668       -1.2813912996657194E-002
   115.40283333333335        1.2369272053459337E-002
   115.95500000000001        2.3876075648789418E-002
   116.50716666666668        1.1519886434676392E-002
   117.05933333333334       -1.1114498796360900E-002
   117.61150000000001       -2.1443121306087335E-002
   118.16366666666667       -1.0340762618975650E-002
   118.71583333333334        9.9718002127361701E-003
   119.26800000000000        1.9228747771278653E-002
   119.82016666666667        9.2681890450303419E-003
   120.37233333333333       -8.9329560726206896E-003
   120.92449999999999       -1.7216780676071731E-002
   121.47666666666666       -8.2942122077192225E-003
   122.02883333333332        7.9901470493658842E-003
   122.58099999999999        1.5391850464075678E-002
   123.13316666666665        7.4112821221089479E-003
   123.68533333333332       -7.1359580752154428E-003
   124.23749999999998       -1.3739396848713519E-002
   124.78966666666665       -6.6122534642900129E-003
   125.34183333333337        6.3633784323963031E-003
   125.89400000000003        1.2245666972296084E-002
   126.44616666666670        5.8903836773388620E-003
   126.99833333333336       -5.6657989232178525E-003
   127.55050000000003       -1.0897707949338947E-002
   128.10266666666669       -5.2393283816057562E-003
   128.65483333333336        5.0370064556803287E-003
   129.20700000000002        9.6833544609597338E-003
   129.75916666666669        4.6531344193394795E-003
   130.31133333333335       -4.4711763708942661E-003
   130.86350000000002       -8.5912120450210867E-003
   131.41566666666668       -4.1262308517323095E-003
   131.96783333333335        3.9628628258543842E-003
   132.52000000000001        7.6106366995073952E-003
   133.07216666666667        3.6534182121035299E-003
   133.62433333333334       -3.5069875300782032E-003
   134.17650000000000       -6.7317113853433081E-003
   134.72866666666667       -3.2298563027375726E-003
   135.28083333333333        3.0988271178607981E-003
   135.83300000000000        5.9452199803352833E-003
   136.38516666666666        2.8510508051740775E-003
   136.93733333333333       -2.7339994197761487E-003
   137.48949999999999       -5.2426191989526673E-003
   138.04166666666666       -2.5128389549396615E-003
   138.59383333333332        2.4084488779721955E-003
   139.14599999999999        4.6160089540162727E-003
   139.69816666666665        2.2113745121881286E-003
   140.25033333333332       -2.1184313301146076E-003
   140.80250000000004       -4.0581015967202328E-003
   141.35466666666670       -1.9431122398011237E-003
   141.90683333333337        1.8604983668587154E-003
   142.45900000000003        3.5621904314038937E-003
   143.01116666666670        1.7047920804979214E-003
   143.56333333333336       -1.6314814477560991E-003
   144.11550000000003       -3.1221178616705806E-003
   144.66766666666669       -1.4934232046757902E-003
   145.21983333333336        1.4284759408023592E-003
   145.77200000000002        2.7322434853120489E-003
   146.32416666666668        1.3062680813078795E-003
   146.87633333333335       -1.2488252315952676E-003
   147.42850000000001       -2.3874124174580818E-003
   147.98066666666668       -1.1408267054164195E-003
   148.53283333333334        1.0901050295344813E-003
   149.08500000000001        2.0829240847888802E-003
   149.63716666666667        9.9482109763326205E-004
   150.18933333333334       -9.5010798076235290E-004
   150.74150000000000       -1.8145016988113686E-003
   151.29366666666667       -8.6618017425658348E-004
   151.84583333333333        8.2682868077784354E-004
   152.39800000000000        1.5782625833407624E-003
   152.95016666666666        7.5302507013309155E-004
   153.50233333333333       -7.1844916393362462E-004
   154.05449999999999       -1.3706895006179408E-003
   154.60666666666665       -6.5365498171250376E-004
   155.15883333333332        6.2332493242264015E-004
   155.71099999999998        1.1886030920525521E-003
   156.26316666666665        5.6653358378834192E-004
   156.81533333333337       -5.3997157391846330E-004
   157.36750000000004       -1.0291355234842529E-003
   157.91966666666670       -4.9027606078511500E-004
   158.47183333333336        4.6705200477495471E-004
   159.02400000000003        8.8970540113023913E-004
   159.57616666666669        4.2363678198582274E-004
   160.12833333333336       -4.0336436462107890E-004
   160.68050000000002       -7.6799400302922935E-004
   161.23266666666669       -3.6549763980433142E-004
   161.78483333333335        3.4783057828245164E-004
   162.33700000000002        6.6192285176053147E-004
   162.88916666666668        3.1485706107401567E-004
   163.44133333333335       -2.9948559220673601E-004
   163.99350000000001       -5.6963263744377098E-004
   164.54566666666668       -2.7081969330261892E-004
   165.09783333333334        2.5746728490953698E-004
   165.65000000000001        4.8946348542034746E-004
