  -165.65000000000001       0.59999999999999998     
  -165.09783333333334        0.0000000000000000     
  -164.54566666666668      -0.78251659799950335     
  -163.99350000000001        1.0660614445736434     
  -163.44133333333335       -1.1022905346273910     
  -162.88916666666668       0.51133648018607047     
  -162.33700000000002       0.10138172651320998     
  -161.78483333333332      -0.85664068653684566     
  -161.23266666666666        1.0819908296747074     
  -160.68049999999999       -1.0543717946934961     
  -160.12833333333333       0.41889087604059028     
  -159.57616666666667       0.20123110944423361     
  -159.02400000000000      -0.92392874631595800     
  -158.47183333333334        1.0886130320422180     
  -157.91966666666667      -0.99902971477474889     
  -157.36750000000001       0.32318082358322120     
  -156.81533333333334       0.29878543532932245     
  -156.26316666666668      -0.98360172377679156     
  -155.71100000000001        1.0861996492697745     
  -155.15883333333335      -0.93676957599155586     
  -154.60666666666668       0.22465576162293854     
  -154.05450000000002       0.39296397079774859     
  -153.50233333333333       -1.0352036529804101     
  -152.95016666666666        1.0751949706872326     
  -152.39800000000000      -0.86775652251478097     
  -151.84583333333333       0.12408554035699648     
  -151.29366666666667       0.48260393750440617     
  -150.74150000000000       -1.0787964318635659     
  -150.18933333333334        1.0557599624745451     
  -149.63716666666667      -0.79208012785700155     
  -149.08500000000001        2.2770369837998183E-002
  -148.53283333333334       0.56698974515806566     
  -147.98066666666668       -1.1146481514428415     
  -147.42850000000001        1.0275271297149500     
  -146.87633333333335      -0.71035095673240622     
  -146.32416666666666       -7.7831869172483970E-002
  -145.77199999999999       0.64613215356240650     
  -145.21983333333333       -1.1425452636464830     
  -144.66766666666666       0.99002464109753929     
  -144.11550000000000      -0.62400246869180132     
  -143.56333333333333      -0.17690198179841576     
  -143.01116666666667       0.72027826973207332     
  -142.45900000000000       -1.1614502594188840     
  -141.90683333333334       0.94357689640407416     
  -141.35466666666667      -0.53471163810270372     
  -140.80250000000001      -0.27464976700916022     
  -140.25033333333334       0.78888524725323939     
  -139.69816666666668       -1.1701666914201883     
  -139.14600000000002       0.88972937156286824     
  -138.59383333333335      -0.44321840512510668     
  -138.04166666666669      -0.37155299336561720     
  -137.48949999999999       0.85014861123011198     
  -136.93733333333333       -1.1686761270009796     
  -136.38516666666666       0.83036023874834020     
  -135.83300000000000      -0.34879184215289571     
  -135.28083333333333      -0.46684513577487285     
  -134.72866666666667       0.90202462531786554     
  -134.17650000000000       -1.1587221667216403     
  -133.62433333333334       0.76595442041693040     
  -133.07216666666667      -0.25039481009403697     
  -132.52000000000001      -0.55787608615437179     
  -131.96783333333335       0.94418327742905439     
  -131.41566666666668       -1.1424664069376242     
  -130.86349999999999       0.69488854395210231     
  -130.31133333333332      -0.14888199947663217     
  -129.75916666666666      -0.64165621553839081     
  -129.20699999999999       0.97879186679891628     
  -128.65483333333333       -1.1199991575273223     
  -128.10266666666666       0.61518523089609889     
  -127.55050000000000       -4.7849637918110588E-002
  -126.99833333333333      -0.71766529503751642     
  -126.44616666666667        1.0085093431674563     
  -125.89400000000001       -1.0884017223064868     
  -125.34183333333334       0.52766232475815622     
  -124.78966666666668        4.8658583916140641E-002
  -124.23750000000001      -0.78887789795685026     
  -123.68533333333335        1.0329447254997843     
  -123.13316666666667       -1.0443464121183221     
  -122.58100000000000       0.43703720234663668     
  -122.02883333333334       0.14013130958755671     
  -121.47666666666667      -0.85881272875642833     
  -120.92449999999999        1.0474547998766093     
  -120.37233333333333      -0.98854275560297167     
  -119.82016666666667       0.34857094097466934     
  -119.26800000000000       0.23089673830100299     
  -118.71583333333334      -0.92656324627287634     
  -118.16366666666667        1.0469361298168156     
  -117.61150000000001      -0.92713669441223512     
  -117.05933333333334       0.26251165722956604     
  -116.50716666666668       0.32584485916227202     
  -115.95500000000001      -0.98529418887325182     
  -115.40283333333333        1.0320101617776434     
  -114.85066666666667      -0.86687509110206418     
  -114.29850000000000       0.17247421576761890     
  -113.74633333333334       0.42355229311320869     
  -113.19416666666666       -1.0276853697704968     
  -112.64200000000000        1.0107457138077449     
  -112.08983333333333      -0.80745888464149029     
  -111.53766666666667        7.1550013585279570E-002
  -110.98550000000000       0.51445519681743690     
  -110.43333333333334       -1.0544093906154002     
  -109.88116666666667       0.99179431146334329     
  -109.32900000000001      -0.73959681506593489     
  -108.77683333333334       -3.8316345260271389E-002
  -108.22466666666668       0.58854412099157916     
  -107.67250000000000       -1.0761827895000082     
  -107.12033333333333       0.97401730710144407     
  -106.56816666666667      -0.65360126320703849     
  -106.01600000000001      -0.14418044725182710     
  -105.46383333333333       0.64681407843064642     
  -104.91166666666666       -1.1041638993564764     
  -104.35950000000000       0.94423226790781389     
  -103.80733333333333      -0.55199295885982003     
  -103.25516666666667      -0.23281022333404167     
  -102.70300000000000       0.70361186526178465     
  -102.15083333333334       -1.1360831961905991     
  -101.59866666666667       0.88912514114772689     
  -101.04650000000001      -0.45192004185108714     
  -100.49433333333333      -0.30592507736952690     
  -99.942166666666665       0.77340202893564602     
  -99.390000000000001       -1.1537497937085044     
  -98.837833333333336       0.81194918323203213     
  -98.285666666666671      -0.37046827746933220     
  -97.733500000000006      -0.38275039218686097     
  -97.181333333333342       0.85248746244717211     
  -96.629166666666663       -1.1393124731354811     
  -96.076999999999998       0.73510614300412935     
  -95.524833333333333      -0.30467380465691662     
  -94.972666666666669      -0.48204586018100265     
  -94.420500000000004       0.91641349700637220     
  -93.868333333333339       -1.0970612142157177     
  -93.316166666666675       0.68030006877037608     
  -92.763999999999996      -0.22892927722857626     
  -92.211833333333331      -0.59836107837184005     
  -91.659666666666666       0.94183494419584357     
  -91.107500000000002       -1.0559729297652898     
  -90.555333333333337       0.64270310573871170     
  -90.003166666666672      -0.11903053784346440     
  -89.451000000000008      -0.69956955666916065     
  -88.898833333333329       0.93456457147234773     
  -88.346666666666664       -1.0432932510530708     
  -87.794499999999999       0.58859433896997537     
  -87.242333333333335        1.7426234676831909E-002
  -86.690166666666670      -0.75583892519567364     
  -86.138000000000005       0.93177200350958000     
  -85.585833333333341       -1.0516298405539786     
  -85.033666666666662       0.48706240354548569     
  -84.481499999999997       0.13906276831821462     
  -83.929333333333332      -0.77518934151742425     
  -83.377166666666668       0.96733224473236135     
  -82.825000000000003       -1.0372273470204614     
  -82.272833333333338       0.34835384613954057     
  -81.720666666666673       0.20853395175678469     
  -81.168499999999995      -0.80489275545340977     
  -80.616333333333330        1.0305199872689190     
  -80.064166666666665      -0.96115028670612790     
  -79.512000000000000       0.22486660075025489     
  -78.959833333333336       0.23694742889611520     
  -78.407666666666671      -0.88668602784718797     
  -77.855500000000006        1.0654823399627618     
  -77.303333333333342      -0.83695632890558636     
  -76.751166666666663       0.16251296450888097     
  -76.198999999999998       0.28384266924645973     
  -75.646833333333333       -1.0056786800980209     
  -75.094666666666669        1.0239536261703162     
  -74.542500000000004      -0.73002201714616044     
  -73.990333333333339       0.14604399934474244     
  -73.438166666666675       0.40014772017456934     
  -72.885999999999996       -1.0917672632345878     
  -72.333833333333331       0.92365246625655339     
  -71.781666666666666      -0.69590065404517909     
  -71.229500000000002       0.10130109334360293     
  -70.677333333333337       0.56590657237007935     
  -70.125166666666672       -1.0861255263604894     
  -69.573000000000008       0.84506439078359441     
  -69.020833333333329      -0.71401156772211816     
  -68.468666666666664       -3.3187348592456201E-002
  -67.916499999999999       0.69457893731001330     
  -67.364333333333335       -1.0116850003839259     
  -66.812166666666670       0.85445438982480337     
  -66.260000000000005      -0.69313709629421871     
  -65.707833333333340      -0.23142160475108198     
  -65.155666666666662       0.71568350325502583     
  -64.603499999999997      -0.96629171693136806     
  -64.051333333333332       0.92463020129817863     
  -63.499166666666667      -0.55998036137041929     
  -62.947000000000003      -0.38826724430049275     
  -62.394833333333338       0.65860575748306438     
  -61.842666666666673       -1.0279491915626393     
  -61.290499999999994       0.94490701524106258     
  -60.738333333333330      -0.34764943538976611     
  -60.186166666666665      -0.42068260747309683     
  -59.634000000000000       0.64083970733889539     
  -59.081833333333336       -1.1615363449855638     
  -58.529666666666671       0.82905552975796482     
  -57.977500000000006      -0.18193074084097205     
  -57.425333333333327      -0.36589578984703519     
  -56.873166666666663       0.75304935017178920     
  -56.320999999999998       -1.2346580256456516     
  -55.768833333333333       0.61844287986728286     
  -55.216666666666669      -0.15909629358750066     
  -54.664500000000004      -0.36325317709067945     
  -54.112333333333339       0.95088253675056977     
  -53.560166666666660       -1.1473231067430971     
  -53.007999999999996       0.46138399948081832     
  -52.455833333333331      -0.23260730210852198     
  -51.903666666666666      -0.51681718198255933     
  -51.351500000000001        1.0782917310968294     
  -50.799333333333337      -0.95037747519211679     
  -50.247166666666672       0.46777585647770792     
  -49.694999999999993      -0.23929011100687902     
  -49.142833333333328      -0.77176734687569826     
  -48.590666666666664        1.0210633214744047     
  -48.038499999999999      -0.81626456647221557     
  -47.486333333333334       0.58031046383888074     
  -46.934166666666670       -6.1220726546684534E-002
  -46.382000000000005      -0.94689301096440337     
  -45.829833333333326       0.84077096130049511     
  -45.277666666666661      -0.86858971732016044     
  -44.725499999999997       0.61040366323985518     
  -44.173333333333332       0.23518691920120749     
  -43.621166666666667      -0.91373548919258085     
  -43.069000000000003       0.73520200759108922     
  -42.516833333333338       -1.0379280444546111     
  -41.964666666666659       0.42617345278126240     
  -41.412499999999994       0.44259559541687521     
  -40.860333333333330      -0.74581022719895129     
  -40.308166666666665       0.84140993587743351     
  -39.756000000000000       -1.1092558915444730     
  -39.203833333333336       0.10659501939636151     
  -38.651666666666671       0.41875791356190017     
  -38.099500000000006      -0.66696273651631521     
  -37.547333333333341        1.0767190805531823     
  -36.995166666666677      -0.93708429156929218     
  -36.443000000000012      -0.11454737922136193     
  -35.890833333333319       0.25022346184435040     
  -35.338666666666654      -0.82706227075094041     
  -34.786499999999990        1.1993374196985376     
  -34.234333333333325      -0.61371451548420930     
  -33.682166666666660       -8.2162416030942431E-002
  -33.129999999999995       0.18699187244335486     
  -32.577833333333331       -1.1293569318372307     
  -32.025666666666666        1.0510242092705244     
  -31.473500000000001      -0.39898444686251122     
  -30.921333333333337       0.10329745209157615     
  -30.369166666666672       0.39072179982226651     
  -29.817000000000007       -1.3057704784734590     
  -29.264833333333343       0.73792095666942747     
  -28.712666666666678      -0.45941771007255383     
  -28.160499999999985       0.16630654476444662     
  -27.608333333333320       0.75014545981121294     
  -27.056166666666655       -1.1866916712353914     
  -26.503999999999991       0.54476879668909917     
  -25.951833333333326      -0.68012025367485607     
  -25.399666666666661       -6.5152234735834424E-002
  -24.847499999999997       0.97226589940259212     
  -24.295333333333332      -0.89231550697808482     
  -23.743166666666667       0.64769386703339260     
  -23.191000000000003      -0.76147316787263375     
  -22.638833333333338      -0.46529530586945256     
  -22.086666666666673       0.87798909883801979     
  -21.534500000000008      -0.73036578318588585     
  -20.982333333333344       0.91724930119130865     
  -20.430166666666679      -0.52292993143364819     
  -19.877999999999986      -0.71845905330749604     
  -19.325833333333321       0.60142497191972444     
  -18.773666666666657      -0.88439348345402846     
  -18.221499999999992        1.0320021563884598     
  -17.669333333333327      -0.10432278547550800     
  -17.117166666666662      -0.63839809345931975     
  -16.564999999999998       0.47060722932427468     
  -16.012833333333333       -1.2107904760278219     
  -15.460666666666668       0.80507408594226071     
  -14.908500000000004       0.15911564324704086     
  -14.356333333333339      -0.37259978722644155     
  -13.804166666666674       0.67407116465747330     
  -13.252000000000010       -1.3694263197273826     
  -12.699833333333345       0.38941121485593644     
  -12.147666666666652        7.6662006523067650E-002
  -11.595499999999987      -0.26603339739318455     
  -11.043333333333322        1.0549831786876820     
  -10.491166666666658       -1.1696004190289746     
  -9.9389999999999930       0.13597575763886627     
  -9.3868333333333283      -0.19179182385471227     
  -8.8346666666666636      -0.50960845853911740     
  -8.2824999999999989        1.2584022542591373     
  -7.7303333333333342      -0.77599425705097491     
  -7.1781666666666695       0.23708493034424927     
  -6.6260000000000048      -0.28833343915093823     
  -6.0738333333333401      -0.93474615295289676     
  -5.5216666666666754        1.0925419794023994     
  -4.9695000000000107      -0.55086672590142227     
  -4.4173333333333176       0.52186878343685406     
  -3.8651666666666529       -2.2362613247019270E-002
  -3.3129999999999882       -1.1762264610236053     
  -2.7608333333333235       0.73204136429515032     
  -2.2086666666666588      -0.68518192289082203     
  -1.6564999999999941       0.62396595428138768     
  -1.1043333333333294       0.42777778918952225     
 -0.55216666666666470       -1.0440294760775028     
   0.0000000000000000       0.54561175206710932     
  0.55216666666666470      -0.99896363564115043     
   1.1043333333333294       0.35574784964797102     
   1.6564999999999941       0.69158640506885760     
   2.2086666666666588      -0.72063523342307856     
   2.7608333333333235       0.72000359620546206     
   3.3130000000000166       -1.1222507457687856     
   3.8651666666666813       -9.7076753454275244E-002
   4.4173333333333460       0.58364794829243749     
   4.9695000000000107      -0.57615343435877153     
   5.5216666666666754        1.0684115438522741     
   6.0738333333333401      -0.87293693543670037     
   6.6260000000000048      -0.36397028987888547     
   7.1781666666666695       0.29190084969025687     
   7.7303333333333342      -0.79048336432104260     
   8.2824999999999989        1.2223060233268508     
   8.8346666666666636      -0.44139797031409944     
   9.3868333333333283      -0.26680734792025640     
   9.9389999999999930       0.18279487603572508     
   10.491166666666658       -1.1725987387366135     
   11.043333333333322        1.0074575777186920     
   11.595500000000015      -0.19295573973120894     
   12.147666666666680        3.5829290396089952E-003
   12.699833333333345       0.42707536420123549     
   13.252000000000010       -1.3604233415204965     
   13.804166666666674       0.61604553600035139     
   14.356333333333339      -0.29604776332405947     
   14.908500000000004        8.9276854641384129E-002
   15.460666666666668       0.83232814578591519     
   16.012833333333333       -1.1896865042978091     
   16.564999999999998       0.40315935851246543     
   17.117166666666662      -0.55962000678709911     
   17.669333333333327      -0.16942810849692042     
   18.221499999999992        1.0477425705040859     
   18.773666666666657      -0.85148583770952313     
   19.325833333333350       0.52555437786026782     
   19.878000000000014      -0.63877296357364566     
   20.430166666666679      -0.58165652031631099     
   20.982333333333344       0.92074901765677830     
   21.534500000000008      -0.68611867208086230     
   22.086666666666673       0.79462482553294156     
   22.638833333333338      -0.38627829978550809     
   23.191000000000003      -0.81227007390647410     
   23.743166666666667       0.63859161643353146     
   24.295333333333332      -0.83715418544645681     
   24.847499999999997       0.88247775656057492     
   25.399666666666661        1.1402089616927236E-002
   25.951833333333326      -0.72174800681754236     
   26.503999999999991       0.52285633236027429     
   27.056166666666684       -1.1210227344547010     
   27.608333333333348       0.65532340818358847     
   28.160500000000013       0.23862599954456609     
   28.712666666666678      -0.49093956297058666     
   29.264833333333343       0.70296047944121909     
   29.817000000000007       -1.2301898942225677     
   30.369166666666672       0.29253273840188299     
   30.921333333333337       0.16983550414129600     
   31.473500000000001      -0.41957205455815616     
   32.025666666666666        1.0027810714761818     
   32.577833333333331       -1.0448207824368767     
   33.129999999999995        8.7156476018668050E-002
   33.682166666666660       -2.2735611235864317E-002
   34.234333333333325      -0.62248887800032671     
   34.786500000000018        1.1377838085443801     
   35.338666666666683      -0.73484694670257500     
   35.890833333333347       0.15032989238841532     
   36.443000000000012       -6.3521548581720322E-002
   36.995166666666677      -0.93315906331591325     
   37.547333333333341        1.0021966329649317     
   38.099500000000006      -0.56846191017254089     
   38.651666666666671       0.32027373047448204     
   39.203833333333336       0.14783301084680533     
   39.756000000000000       -1.0919344573312360     
   40.308166666666665       0.75459632350466543     
   40.860333333333330      -0.64237076808485938     
   41.412499999999994       0.34702857609108517     
   41.964666666666659       0.45619018552207713     
   42.516833333333352       -1.0068574800746350     
   43.069000000000017       0.63693185098992700     
   43.621166666666682      -0.80667498189979470     
   44.173333333333346       0.14420371822112621     
   44.725500000000011       0.62790634774001020     
   45.277666666666676      -0.82373519140881601     
   45.829833333333340       0.73189676463666775     
   46.382000000000005      -0.83764749158853069     
   46.934166666666670      -0.14584803875461883     
   47.486333333333334       0.58429061705118124     
   48.038499999999999      -0.75775595907902993     
   48.590666666666664       0.90248055634733093     
   49.142833333333328      -0.66199537123266117     
   49.694999999999993      -0.31585738091354665     
   50.247166666666658       0.45749122998947733     
   50.799333333333351      -0.87839625469436100     
   51.351500000000016       0.95107611419748606     
   51.903666666666680      -0.40834828396787992     
   52.455833333333345      -0.29960916876692878     
   53.008000000000010       0.43623045514831515     
   53.560166666666674       -1.0621357143985071     
   54.112333333333339       0.81638353321138424     
   54.664500000000004      -0.25793246949120596     
   55.216666666666669      -0.21521379351355929     
   55.768833333333333       0.57786604951223919     
   56.320999999999998       -1.1367446346112680     
   56.873166666666663       0.61284499266419956     
   57.425333333333327      -0.26546883828226675     
   57.977499999999992      -0.22592594563035462     
   58.529666666666685       0.77259171385744863     
   59.081833333333350       -1.0516771106064724     
   59.634000000000015       0.49660267018434034     
   60.186166666666679      -0.32680511276430746     
   60.738333333333344      -0.37829878091086871     
   61.290500000000009       0.87230421874504538     
   61.842666666666673      -0.90718879740363156     
   62.394833333333338       0.51200675064124301     
   62.947000000000003      -0.30259170767998700     
   63.499166666666667      -0.57612074189966933     
   64.051333333333332       0.83592916882178570     
   64.603499999999997      -0.83582926869321228     
   65.155666666666662       0.56840166706667417     
   65.707833333333326      -0.15564695633510628     
   66.260000000000019      -0.69377864084155760     
   66.812166666666684       0.74996462010434772     
   67.364333333333349      -0.87279788292085880     
   67.916500000000013       0.54837472734630288     
   68.468666666666678        3.0988783348465554E-002
   69.020833333333343      -0.69841394064653051     
   69.573000000000008       0.72527849184473414     
   70.125166666666672      -0.94018365430479722     
   70.677333333333337       0.42265979729166336     
   71.229500000000002       0.15228515440144530     
   71.781666666666666      -0.66356037804834178     
   72.333833333333331       0.78919103369558696     
   72.885999999999996      -0.94029711630944679     
   73.438166666666660       0.26181241998092697     
   73.990333333333353       0.18241704226208633     
   74.542500000000018      -0.68060996209184155     
   75.094666666666683       0.87558551851987643     
   75.646833333333348      -0.85039519791088580     
   76.199000000000012       0.15235688826006077     
   76.751166666666677       0.18302727508006911     
   77.303333333333342      -0.77028243864475643     
   77.855500000000006       0.90418399550703699     
   78.407666666666671      -0.72945430748599394     
   78.959833333333336       0.11417063181612852     
   79.512000000000000       0.22840307590382825     
   80.064166666666665      -0.87719056443264820     
   80.616333333333330       0.85750579110622349     
   81.168499999999995      -0.64765308162772106     
   81.720666666666688        9.6244557713772605E-002
   82.272833333333352       0.33390361538532543     
   82.825000000000017      -0.93618113985677509     
   83.377166666666682       0.78402646040077384     
   83.929333333333346      -0.61990526795033618     
   84.481500000000011        3.8985663215065691E-002
   85.033666666666676       0.45375950506684026     
   85.585833333333341      -0.93395178097588172     
   86.138000000000005       0.73975122972345808     
   86.690166666666670      -0.60449322848350695     
   87.242333333333335       -6.8761287565475726E-002
   87.794499999999999       0.53577185547316442     
   88.346666666666664      -0.90967738679363463     
   88.898833333333329       0.73551899080884731     
   89.450999999999993      -0.55418229188687640     
   90.003166666666687      -0.18973453823494568     
   90.555333333333323       0.56992786077706503     
   91.107499999999987      -0.90731357475456498     
   91.659666666666652       0.73756693608019852     
   92.211833333333317      -0.46098846801824578     
   92.763999999999982      -0.28269323731327206     
   93.316166666666646       0.58736905137127482     
   93.868333333333368      -0.93442891986267218     
   94.420500000000033       0.70885192446097511     
   94.972666666666697      -0.35474518347120831     
   95.524833333333362      -0.34021528174827304     
   96.077000000000027       0.62202505495861282     
   96.629166666666691      -0.96395869352367536     
   97.181333333333356       0.64368503807238153     
   97.733500000000021      -0.26753035848564799     
   98.285666666666685      -0.38668576564350299     
   98.837833333333350       0.67892317480621522     
   99.390000000000015      -0.96712225672912622     
   99.942166666666679       0.56550502783055545     
   100.49433333333334      -0.20470966834111337     
   101.04650000000001      -0.44788669239774165     
   101.59866666666667       0.73657139838812824     
   102.15083333333334      -0.93982656571532996     
   102.70300000000000       0.49881809993125581     
   103.25516666666667      -0.14742493148559976     
   103.80733333333333      -0.52696033140377607     
   104.35950000000000       0.77279974420409547     
   104.91166666666666      -0.90009808839878824     
   105.46383333333333       0.44734071900981964     
   106.01599999999999       -7.6347534140393414E-002
   106.56816666666666      -0.60701978886072072     
   107.12033333333332       0.78459402359635211     
   107.67249999999999      -0.86627166639625608     
   108.22466666666665       0.39661164044905239     
   108.77683333333331        1.0358468321941428E-002
   109.32900000000004      -0.67114111509816166     
   109.88116666666670       0.78549686108330485     
   110.43333333333337      -0.84073624148245218     
   110.98550000000003       0.33227685106567129     
   111.53766666666669        9.9603901173966558E-002
   112.08983333333336      -0.71704304588664347     
   112.64200000000002       0.78890095814352235     
   113.19416666666669      -0.81243939484839856     
   113.74633333333335       0.25331597116448323     
   114.29850000000002       0.17861722538842151     
   114.85066666666668      -0.75465417086905762     
   115.40283333333335       0.79614129623479413     
   115.95500000000001      -0.77075974735240538     
   116.50716666666668       0.16968439926043755     
   117.05933333333334       0.24564911698196967     
   117.61150000000001      -0.79350211746053534     
   118.16366666666667       0.79875590308478950     
   118.71583333333334      -0.71510210982768141     
   119.26800000000000        9.0860065139966695E-002
   119.82016666666667       0.30781572548455638     
   120.37233333333333      -0.83412047958291613     
   120.92449999999999       0.78885946154305653     
   121.47666666666666      -0.65283750820176889     
   122.02883333333332        1.8153698962314668E-002
   122.58099999999999       0.37171761225468591     
   123.13316666666665      -0.86999955837378562     
   123.68533333333332       0.76600155621016952     
   124.23749999999998      -0.59082227290940992     
   124.78966666666665       -5.3457204330409458E-002
   125.34183333333337       0.43733191203656269     
   125.89400000000003      -0.89523271617131961     
   126.44616666666670       0.73543661593049947     
   126.99833333333336      -0.52995710268132845     
   127.55050000000003      -0.12845059296450745     
   128.10266666666669       0.49963549656978751     
   128.65483333333336      -0.90934615851208389     
   129.20700000000002       0.70193544116210016     
   129.75916666666669      -0.46669454714289771     
   130.31133333333335      -0.20648388123309031     
   130.86350000000002       0.55416070124218675     
   131.41566666666668      -0.91589328358793409     
   131.96783333333335       0.66599414334189244     
   132.52000000000001      -0.39800931828000830     
   133.07216666666667      -0.28370337038337745     
   133.62433333333334       0.60034641299432900     
   134.17650000000000      -0.91800505215264971     
   134.72866666666667       0.62503810657165537     
   135.28083333333333      -0.32434686147062053     
   135.83300000000000      -0.35672333548167195     
   136.38516666666666       0.64042848966606603     
   136.93733333333333      -0.91578953691754195     
   137.48949999999999       0.57696300638101505     
   138.04166666666666      -0.24859575472867412     
   138.59383333333332      -0.42491660546475762     
   139.14599999999999       0.67628736747496809     
   139.69816666666665      -0.90726957867092950     
   140.25033333333332       0.52213784090487947     
   140.80250000000004      -0.17327878969224930     
   141.35466666666670      -0.48956094997107791     
   141.90683333333337       0.70769257705609001     
   142.45900000000003      -0.89087037792108659     
   143.01116666666670       0.46261876772578558     
   143.56333333333336       -9.9010938732478682E-002
   144.11550000000003      -0.55163851740732839     
   144.66766666666669       0.73301670775045680     
   145.21983333333336      -0.86676041557989103     
   145.77200000000002       0.40019516874583438     
   146.32416666666668       -2.5141020223435673E-002
   146.87633333333335      -0.61066987950142160     
   147.42850000000001       0.75095904294307625     
   147.98066666666668      -0.83626440373013000     
   148.53283333333334       0.33536778782140597     
   149.08500000000001        4.8734519149470801E-002
   149.63716666666667      -0.66524648386935603     
   150.18933333333334       0.76143060374533833     
   150.74150000000000      -0.80052445260120997     
   151.29366666666667       0.26782119786403014     
   151.84583333333333       0.12200975370155331     
   152.39800000000000      -0.71420885168788950     
   152.95016666666666       0.76512600583664137     
   153.50233333333333      -0.75983417010492471     
   154.05449999999999       0.19745039343463044     
   154.60666666666665       0.19345854718448829     
   155.15883333333332      -0.75722281811779779     
   155.71099999999998       0.76262034456822481     
   156.26316666666665      -0.71398031603858303     
   156.81533333333337       0.12485073783336231     
   157.36750000000004       0.26202907468178116     
   157.91966666666670      -0.79447443728737110     
   158.47183333333336       0.75394315680805124     
   159.02400000000003      -0.66292967599330066     
   159.57616666666669        5.1039023090882596E-002
   160.12833333333336       0.32721402968356200     
   160.68050000000002      -0.82607064758072724     
   161.23266666666669       0.73882175374145054     
   161.78483333333335      -0.60713961862788945     
   162.33700000000002       -2.3074882310377576E-002
   162.88916666666668       0.38883804544422040     
   163.44133333333335      -0.85177226370063086     
   163.99350000000001       0.71713523130961687     
   164.54566666666668      -0.54736248239121765     
   165.09783333333334       -9.6922578192697673E-002
   165.65000000000001       0.44666661172820560     
